212931212104428
182268345217756
859924537361137
368689006488403
101879259853956
31435261032
174764809229147
136073816423758
623973014305358
248944903276
58649707787
186024018108371
139034589545337
438579102923905
138913949548350
258713977541176
163502577074390
118762335592
254980481242141
214046521973821
219691608142117
271875432843605
165241190187675
107968312559802
102177983157155
11823322999
106524619383621
212931212104428
241998535856034
1581049038847202
461170777235565
442487759128123
200285575845
5552189986
38519290068
115369871902653
1615432128718503
331246737036792
153360258021786
387945724575761
382974841728811
367052556640724
233960786693846
148135988639606
297281110329017
169785779758387
121139921272943
26299545352
110524162301405
149102915103503
12366179115
106040709435588
103750792997645
438923846147924
107990049222478
103480073017561
28796819707
106294199401650
166049440123354
187055587973729
